[bg.jpg]
filters=finetune2=1,1.000000,0.058947,0.373333,00000000,0.000000;
moddate=0219a321a08ed301
width=450
height=315
textactive=0
